1,
1,

1,0,0,

1,0,0,1,0,

1,0,0,1,0,2,0,

1,0,0,1,0,2,0,3,0,

1,0,0,1,0,2,0,3,0,4,0,

1,0,0,1,0,2,0,3,0,4,0,1024,0,

1,0,0,1,0,2,0,3,0,4,0,1024,0,5,0,

1,0,0,1,0,2,0,3,0,4,0,1024,0,5,0,0,0,

1,0,0,1,0,2,0,3,0,4,0,1024,0,5,0,0,0,275,0,

1,0,0,1,0,2,0,3,0,4,0,1024,0,5,0,0,0,275,0,0,0,

1,0,0,1,0,2,0,3,0,4,0,1024,0,5,0,0,0,275,0,0,0,300,0,

1,0,0,1,0,2,0,3,0,4,0,1024,0,5,0,0,0,275,0,0,0,300,0,0,0,

1,0,0,1,0,2,0,3,0,4,0,1024,0,5,0,0,0,275,0,0,0,300,0,0,0,2,0,

1,0,0,1,0,2,0,3,0,4,0,1024,0,5,0,0,0,275,0,0,0,300,0,0,0,2,0,

1,0,0,1,0,2,0,3,0,4,0,1024,0,5,0,0,0,275,0,0,0,300,0,0,0,2,0,24576,0,

1,0,0,1,0,2,0,3,0,4,0,1024,0,5,0,0,0,275,0,0,0,300,0,0,0,2,0,24576,0,

1,0,0,1,0,2,0,3,0,4,0,1024,0,5,0,0,0,275,0,0,0,300,0,0,0,2,0,24576,0,-191,0,

23,

23,

23,0,0,

23,0,0,0,0,

23,0,0,0,0,

27,

27,

27,0,0,

27,0,0,0,0,

27,0,0,0,0,

27,0,0,0,0,256,0,

42,

42,168,0,168,0,168,0,

42,168,0,168,0,168,0,500,0,500,0,0,0,

42,168,0,168,0,168,0,500,0,500,0,0,0,

46,

46,63,0,

46,63,0,

46,63,0,128,0,

47,

48,

48,

48,1,0,

48,1,0,0,0,

48,1,0,0,0,0,0,

48,1,0,0,0,0,0,0,0,

48,1,0,0,0,0,0,0,0,0,0,

48,1,0,0,0,0,0,0,0,0,0,1,0,

48,1,0,0,0,0,0,0,0,0,0,1,0,5,0,

48,1,0,0,0,0,0,0,0,0,0,1,0,5,0,3,0,

48,1,0,0,0,0,0,0,0,0,0,1,0,5,0,3,0,660,0,660,0,720,0,760,0,740,0,

48,1,0,0,0,0,0,0,0,0,0,1,0,5,0,3,0,660,0,660,0,720,0,760,0,740,0,660,0,660,0,720,0,760,0,740,0,0,0,0,0,0,0,0,0,0,0,0,0,0,0,0,0,0,0,0,0,0,0,

48,1,0,0,0,0,0,0,0,0,0,1,0,5,0,3,0,660,0,660,0,720,0,760,0,740,0,660,0,660,0,720,0,760,0,740,0,0,0,0,0,0,0,0,0,0,0,0,0,0,0,0,0,0,0,0,0,0,0,0,0,

48,1,0,0,0,0,0,0,0,0,0,1,0,5,0,3,0,660,0,660,0,720,0,760,0,740,0,660,0,660,0,720,0,760,0,740,0,0,0,0,0,0,0,0,0,0,0,0,0,0,0,0,0,0,0,0,0,0,0,0,0,0,0,

52,

52,

52,0,0,

62,

62,1,0,0,0,

63,

64,

64,

80,

80,0,0,

80,0,0,0,0,

80,0,0,0,0,0,0,

80,0,0,0,0,0,0,800,0,

80,0,0,0,0,0,0,800,0,15,0,

80,0,0,0,0,0,0,800,0,15,0,15,0,

80,0,0,0,0,0,0,800,0,15,0,15,0,0,0,

80,0,0,0,0,0,0,800,0,15,0,15,0,0,0,60,0,

80,0,0,0,0,0,0,800,0,15,0,15,0,0,0,60,0,15,0,

80,0,0,0,0,0,0,800,0,15,0,15,0,0,0,60,0,15,0,3,0,

80,0,0,0,0,0,0,800,0,15,0,15,0,0,0,60,0,15,0,3,0,57,0,

80,0,0,0,0,0,0,800,0,15,0,15,0,0,0,60,0,15,0,3,0,57,0,216,0,

80,0,0,0,0,0,0,800,0,15,0,15,0,0,0,60,0,15,0,3,0,57,0,216,0,-1,0,-1,0,

81,-1,0,

82,

82,5,0,

89,

89,

89,0,0,

89,0,0,20297,0,19488,0,21573,0,19792,0,8224,0,8224,0,8224,0,8224,0,8224,0,8224,0,

111,

111,

111,43,0,

127,

127,

127,75,0,

187,

187,1,0,2,0,21,0,17,0,18,0,9,0,

188,

188,

201,

202,

210,

211,

211,80,0,

211,80,0,120,0,

211,80,0,120,0,15,0,80,0,120,0,15,0,

211,80,0,120,0,15,0,80,0,120,0,15,0,0,0,

211,80,0,120,0,15,0,80,0,120,0,15,0,0,0,6000,0,

211,80,0,120,0,15,0,80,0,120,0,15,0,0,0,6000,0,0,0,

211,80,0,120,0,15,0,80,0,120,0,15,0,0,0,6000,0,0,0,1,0,

211,80,0,120,0,15,0,80,0,120,0,15,0,0,0,6000,0,0,0,1,0,150,0,

211,80,0,120,0,15,0,80,0,120,0,15,0,0,0,6000,0,0,0,1,0,150,0,0,0,

211,80,0,120,0,15,0,80,0,120,0,15,0,0,0,6000,0,0,0,1,0,150,0,0,0,1023,0,

211,80,0,120,0,15,0,80,0,120,0,15,0,0,0,6000,0,0,0,1,0,150,0,0,0,1023,0,0,0,

211,80,0,120,0,15,0,80,0,120,0,15,0,0,0,6000,0,0,0,1,0,150,0,0,0,1023,0,0,0,0,0,

211,80,0,120,0,15,0,80,0,120,0,15,0,0,0,6000,0,0,0,1,0,150,0,0,0,1023,0,0,0,0,0,1,0,

211,80,0,120,0,15,0,80,0,120,0,15,0,0,0,6000,0,0,0,1,0,150,0,0,0,1023,0,0,0,0,0,1,0,1,0,27264,0,

211,80,0,120,0,15,0,80,0,120,0,15,0,0,0,6000,0,0,0,1,0,150,0,0,0,1023,0,0,0,0,0,1,0,1,0,27264,0,1,0,15,0,150,0,

211,80,0,120,0,15,0,80,0,120,0,15,0,0,0,6000,0,0,0,1,0,150,0,0,0,1023,0,0,0,0,0,1,0,1,0,27264,0,1,0,15,0,150,0,0,0,

211,80,0,120,0,15,0,80,0,120,0,15,0,0,0,6000,0,0,0,1,0,150,0,0,0,1023,0,0,0,0,0,1,0,1,0,27264,0,1,0,15,0,150,0,0,0,20,0,

211,80,0,120,0,15,0,80,0,120,0,15,0,0,0,6000,0,0,0,1,0,150,0,0,0,1023,0,0,0,0,0,1,0,1,0,27264,0,1,0,15,0,150,0,0,0,20,0,100,0,

211,80,0,120,0,15,0,80,0,120,0,15,0,0,0,6000,0,0,0,1,0,150,0,0,0,1023,0,0,0,0,0,1,0,1,0,27264,0,1,0,15,0,150,0,0,0,20,0,100,0,50,0,

211,80,0,120,0,15,0,80,0,120,0,15,0,0,0,6000,0,0,0,1,0,150,0,0,0,1023,0,0,0,0,0,1,0,1,0,27264,0,1,0,15,0,150,0,0,0,20,0,100,0,50,0,150,0,

213,

213,200,0,

213,200,0,20,0,

213,200,0,20,0,50,0,

213,200,0,20,0,50,0,240,0,

213,200,0,20,0,50,0,240,0,0,0,

213,200,0,20,0,50,0,240,0,0,0,59,0,

213,200,0,20,0,50,0,240,0,0,0,59,0,9,0,

213,200,0,20,0,50,0,240,0,0,0,59,0,9,0,4,0,

213,200,0,20,0,50,0,240,0,0,0,59,0,9,0,4,0,1,0,288,0,192,0,

213,200,0,20,0,50,0,240,0,0,0,59,0,9,0,4,0,1,0,288,0,192,0,0,0,

213,200,0,20,0,50,0,240,0,0,0,59,0,9,0,4,0,1,0,288,0,192,0,0,0,100,0,

213,200,0,20,0,50,0,240,0,0,0,59,0,9,0,4,0,1,0,288,0,192,0,0,0,100,0,100,0,

213,200,0,20,0,50,0,240,0,0,0,59,0,9,0,4,0,1,0,288,0,192,0,0,0,100,0,100,0,9,0,10,0,0,0,0,0,17920,0,

213,200,0,20,0,50,0,240,0,0,0,59,0,9,0,4,0,1,0,288,0,192,0,0,0,100,0,100,0,9,0,10,0,0,0,0,0,17920,0,0,0,0,0,

230,

231,0,0,0,0,0,0,0,0,

233,

235,

235,256,0,0,0,5120,0,

237,-1,0,-1,0,-1,0,-1,0,-1,0,-1,0,-1,0,-1,0,-1,0,-1,0,-1,0,-1,0,-1,0,-1,0,-1,0,-1,0,-1,0,-1,0,-1,0,

237,-1,0,-1,0,-1,0,-1,0,-1,0,-1,0,-1,0,-1,0,-1,0,-1,0,-1,0,-1,0,-1,0,-1,0,-1,0,-1,0,-1,0,-1,0,-1,0,240,0,240,0,240,0,240,0,-1,0,-1,0,-1,0,-1,0,

237,-1,0,-1,0,-1,0,-1,0,-1,0,-1,0,-1,0,-1,0,-1,0,-1,0,-1,0,-1,0,-1,0,-1,0,-1,0,-1,0,-1,0,-1,0,-1,0,240,0,240,0,240,0,240,0,-1,0,-1,0,-1,0,-1,0,0,0,

238,

3073,

3093,

3113,

3113,

3114,

3115,

3116,

3116,

3116,257,0,

3116,257,0,

3117,

3117,

3118,

3119,

3120,

3124,

3124,

3124,4,0,

3288,

3290,

3291,

3291,

3291,0,0,

3291,0,0,3413,0,

3291,0,0,3413,0,-17918,0,-29611,0,

3324,

3324,

3325,

3326,

3327,

3327,0,0,

3327,0,0,0,0,

3328,

3330,

3332,

END